		Arithmancy                      Astronomy                       Herbology                       Defense Against the Dark Arts   Divination                      Muggle Studies                  Ancient Runes                   History of Magic                Transfiguration                 Potions                         Care of Magical Creatures       Charms                          Flying
                         
Count	1566                            1568                            1567                            1569                            1561                            1565                            1565                            1557                            1566                            1570                            1560                            1600                            1600                            
Mean	49634.57024265645               39.797130890164766              1.1410195296768058              -0.38786349744178583            3.1539096732863516              -224.5899148634645              495.747970059158                2.9630946151165927              1030.0969463871313              5.9503729927800775              -0.0534271367004963             -243.3744090125                 21.958012499999985              
Std		16674.47957652662               520.1323297066419               5.2180162261386736              5.211132259349998               4.153969710726384               486.1894330848615               106.25120223070012              4.424353177154478               44.111025138058615              3.146851589354909               0.9711455533987499              8.780894559533115               97.6010874237569                
Min		-24370.0                        -966.7405456412164              -10.295662748653244             -10.16211940387396              -8.727                          -1086.4968348887983             283.8696087336624               -8.858992991610515              906.6273196915248               -4.697483767872527              -3.313675764124477              -261.04892                      -181.47                         
25%		38491.0                         -489.7242166202939              -4.316909360524635              -5.26332536374359               3.089                           -578.0649068687998              397.3595771379458               2.211948801657565               1026.1499104491404              3.642031301648341               -0.6734392951104043             -250.66859                      -41.96                          
50%		49009.0                         258.9341614422865               3.4667838320553312              -2.616447314070159              4.621                           -419.66254227427146             463.3040777473958               4.3774327672933975              1045.4806571649813              5.87209281282002                -0.0463258852266251             -244.86802000000003             -2.52                           
75%		60761.0                         524.3927519144191               5.41732133207793                4.897690446614043               5.666                           254.6250631583076               597.329744189879                5.81254065741635                1058.4094784730748              8.246324170750201               0.5884103638811112              -232.55749                      50.45                           
Max		104956.0                        1016.2119403873959              11.612895082210851              9.667405456412162               10.032                          1092.3886105728684              745.3962198761234               11.889712754042707              1098.9582005409077              13.536762124994421              3.0565457738978123              -225.42813999999998             279.07                          
